50
2 -1 1
2 -1 1
2 -1 1
2 -1 1
2 -1 1
2 -1 1
2 -1 1
2 -1 1
2 -1 1
2 -1 1
2 -1 1
2 -1 1
2 -1 1
2 -1 1
2 -1 1
2 -1 1
2 -1 1
2 -1 1
2 -1 1
2 -1 1
2 -1 1
2 -1 1
2 -1 1
2 -1 1
2 -1 1
2 -1 1
2 -1 1
2 -1 1
2 -1 1
2 -1 1
2 -1 1
2 -1 1
2 -1 1
2 -1 1
2 -1 1
2 -1 1
2 -1 1
2 -1 1
2 -1 1
2 -1 1
2 -1 1
2 -1 1
2 -1 1
2 -1 1
2 -1 1
2 -1 1
2 -1 1
2 -1 1
2 -1 1
2 -1 1
218
V
3 3 36 7 
7 -1 -1 -1 -1 -1 1 -1 1 -1 -1 1 1 1 -1 1 1 1 -1 1 1 1 
V
3 3 42 48 
7 -1 -1 -1 -1 -1 1 -1 1 -1 -1 1 1 1 -1 -1 1 -1 1 1 1 -1 
V
3 49 47 41 
7 -1 -1 -1 -1 -1 1 -1 1 -1 -1 1 1 1 -1 -1 1 -1 1 1 1 -1 
V
3 8 40 17 
7 -1 -1 -1 -1 -1 1 -1 1 1 1 -1 -1 1 -1 1 1 1 -1 1 1 1 
V
3 21 31 39 
7 -1 -1 -1 -1 -1 1 -1 1 -1 -1 1 1 1 -1 -1 1 -1 1 1 1 -1 
V
3 36 22 49 
7 -1 -1 -1 -1 -1 1 -1 1 1 1 -1 -1 1 -1 1 1 1 -1 1 1 1 
V
3 27 38 14 
7 -1 -1 1 -1 1 -1 -1 1 1 1 -1 -1 1 -1 1 1 1 -1 1 1 1 
V
3 15 18 6 
7 -1 -1 -1 -1 -1 1 -1 1 1 1 -1 -1 1 -1 1 1 1 -1 1 1 1 
V
3 6 7 43 
7 -1 -1 -1 -1 1 -1 -1 1 1 1 -1 -1 1 -1 1 1 1 -1 1 1 1 
V
3 34 7 23 
7 -1 -1 -1 -1 -1 1 -1 1 1 1 -1 -1 1 -1 1 1 1 -1 1 1 1 
V
3 2 14 13 
7 -1 -1 -1 -1 1 -1 -1 1 1 1 -1 -1 1 -1 1 1 1 -1 1 1 1 
V
3 2 47 42 
7 -1 -1 -1 -1 1 -1 -1 1 1 1 -1 -1 1 -1 1 1 1 -1 1 1 1 
V
3 33 35 3 
7 -1 -1 -1 -1 -1 1 -1 1 -1 -1 1 1 1 -1 -1 1 -1 1 1 1 1 
V
3 44 40 49 
7 -1 -1 1 -1 1 -1 -1 1 1 1 -1 -1 1 -1 1 1 1 -1 1 1 1 
V
3 50 36 31 
7 -1 -1 1 -1 1 -1 -1 1 1 1 -1 -1 1 -1 1 1 1 -1 1 1 1 
V
3 36 3 37 
7 -1 -1 -1 -1 -1 1 -1 1 -1 -1 1 1 1 -1 -1 1 -1 1 1 1 -1 
V
3 26 29 43 
7 -1 -1 -1 -1 -1 1 -1 1 1 1 -1 -1 1 -1 1 1 1 -1 1 1 1 
V
3 15 29 45 
7 -1 -1 -1 -1 1 -1 -1 1 1 1 -1 -1 1 -1 1 1 1 -1 1 1 1 
V
3 24 11 18 
7 -1 -1 -1 -1 -1 1 -1 1 1 1 -1 -1 1 -1 1 1 1 -1 1 1 1 
V
3 47 26 6 
7 -1 -1 -1 -1 -1 1 -1 1 -1 -1 1 1 1 -1 -1 1 -1 1 1 1 1 
V
3 50 33 10 
7 -1 -1 -1 -1 -1 1 -1 1 -1 -1 1 1 1 -1 -1 1 -1 1 1 1 -1 
V
3 32 6 16 
7 -1 -1 1 -1 1 -1 -1 1 1 1 -1 -1 1 -1 1 1 1 -1 1 1 1 
V
3 34 37 41 
7 -1 -1 -1 -1 -1 1 -1 1 -1 -1 1 1 1 -1 1 1 1 -1 1 1 1 
V
3 7 28 17 
7 -1 -1 -1 -1 -1 1 -1 1 -1 1 -1 -1 1 -1 1 1 1 -1 1 1 1 
V
3 44 46 19 
7 -1 -1 -1 -1 -1 1 -1 1 -1 -1 1 1 1 -1 1 1 1 -1 1 1 1 
V
3 7 22 48 
7 -1 -1 -1 -1 1 -1 -1 1 1 1 -1 -1 1 -1 1 1 1 -1 1 1 1 
V
3 3 39 34 
7 -1 -1 1 -1 1 -1 -1 1 1 1 -1 -1 1 -1 1 1 1 -1 1 1 1 
V
3 31 46 43 
7 -1 -1 -1 -1 1 -1 -1 1 1 1 -1 -1 1 -1 1 1 1 -1 1 1 1 
V
3 27 32 23 
7 -1 -1 -1 -1 -1 1 -1 1 -1 -1 1 1 1 -1 1 1 1 -1 1 1 1 
V
3 37 50 18 
7 -1 -1 -1 -1 -1 1 -1 1 -1 1 -1 -1 1 -1 1 1 1 -1 1 1 1 
V
3 20 5 11 
7 -1 -1 1 -1 1 -1 -1 1 1 1 -1 -1 1 -1 1 1 1 -1 1 1 1 
V
3 45 24 6 
7 -1 -1 -1 -1 -1 1 -1 1 -1 -1 1 1 1 -1 -1 1 -1 1 1 1 1 
V
3 34 23 14 
7 -1 -1 -1 -1 -1 1 -1 1 -1 -1 1 1 1 -1 -1 1 -1 1 1 1 -1 
V
3 22 21 20 
7 -1 -1 -1 -1 -1 1 -1 1 -1 -1 1 1 1 -1 1 1 1 -1 1 1 1 
V
3 17 50 24 
7 -1 -1 -1 -1 -1 1 -1 1 -1 -1 1 1 1 -1 1 1 1 -1 1 1 1 
V
3 25 24 27 
7 -1 -1 -1 -1 -1 1 -1 1 -1 -1 1 1 1 -1 -1 1 -1 1 1 1 -1 
V
3 3 35 21 
7 -1 -1 1 -1 1 -1 -1 1 1 1 -1 -1 1 -1 1 1 1 -1 1 1 1 
V
3 26 47 36 
7 -1 -1 -1 -1 -1 1 -1 1 -1 -1 1 1 1 -1 -1 1 1 -1 1 1 1 
V
3 28 45 49 
7 -1 -1 -1 -1 -1 1 -1 1 -1 -1 1 1 1 -1 -1 1 -1 1 1 1 1 
V
3 21 6 12 
7 -1 -1 -1 -1 -1 1 -1 1 -1 -1 1 1 1 -1 -1 1 -1 1 1 1 1 
V
3 17 15 39 
7 -1 -1 -1 -1 -1 1 -1 1 -1 -1 1 1 1 -1 -1 1 -1 1 1 1 -1 
V
3 41 2 14 
7 -1 -1 -1 -1 1 -1 -1 1 1 1 -1 -1 1 -1 1 1 1 -1 1 1 1 
V
3 25 36 23 
7 -1 -1 -1 -1 1 -1 -1 1 1 1 -1 -1 1 -1 1 1 1 -1 1 1 1 
V
3 39 3 40 
7 -1 -1 -1 -1 -1 1 -1 1 -1 -1 1 1 1 -1 -1 1 -1 1 1 1 -1 
V
3 50 20 35 
7 -1 -1 1 -1 1 -1 -1 1 1 1 -1 -1 1 -1 1 1 1 -1 1 1 1 
V
3 27 31 39 
7 -1 -1 -1 -1 1 -1 -1 1 1 1 -1 -1 1 -1 1 1 1 -1 1 1 1 
V
3 45 15 40 
7 -1 -1 -1 -1 -1 1 -1 1 -1 1 -1 -1 1 -1 1 1 1 -1 1 1 1 
V
3 34 50 35 
7 -1 -1 1 -1 1 -1 -1 1 1 1 -1 -1 1 -1 1 1 1 -1 1 1 1 
V
3 1 48 12 
7 -1 -1 -1 -1 -1 1 -1 1 -1 -1 1 1 1 -1 -1 1 -1 1 1 1 1 
V
3 18 35 30 
7 -1 -1 -1 -1 -1 1 -1 1 -1 1 -1 -1 1 -1 1 1 1 -1 1 1 1 
V
3 27 24 25 
7 -1 -1 -1 -1 -1 1 -1 1 -1 1 -1 -1 1 -1 1 1 1 -1 1 1 1 
V
3 4 33 12 
7 -1 -1 -1 -1 -1 1 -1 1 -1 -1 1 1 1 -1 -1 1 -1 1 1 1 -1 
V
3 43 24 37 
7 -1 -1 -1 -1 -1 1 -1 1 -1 -1 1 1 1 -1 -1 1 -1 1 1 1 -1 
V
3 37 31 44 
7 -1 -1 -1 -1 -1 1 -1 1 -1 -1 1 1 1 -1 -1 1 1 -1 1 1 1 
V
3 9 38 14 
7 -1 -1 -1 -1 -1 1 -1 1 -1 -1 1 1 1 -1 -1 1 -1 1 1 1 1 
V
3 33 16 34 
7 -1 -1 -1 -1 -1 1 -1 1 1 1 -1 -1 1 -1 1 1 1 -1 1 1 1 
V
3 4 35 5 
7 -1 -1 -1 -1 -1 1 -1 1 -1 1 -1 -1 1 -1 1 1 1 -1 1 1 1 
V
3 3 21 19 
7 -1 -1 -1 -1 -1 1 -1 1 -1 -1 1 1 1 -1 -1 1 -1 1 1 1 -1 
V
3 35 36 29 
7 -1 -1 -1 -1 -1 1 -1 1 -1 -1 1 1 1 -1 -1 1 -1 1 1 1 -1 
V
3 7 43 36 
7 -1 -1 -1 -1 -1 1 -1 1 1 1 -1 -1 1 -1 1 1 1 -1 1 1 1 
V
3 30 14 41 
7 -1 -1 1 -1 1 -1 -1 1 1 1 -1 -1 1 -1 1 1 1 -1 1 1 1 
V
3 35 24 7 
7 -1 -1 -1 -1 -1 1 -1 1 -1 -1 1 1 1 -1 -1 1 -1 1 1 1 -1 
V
3 35 42 6 
7 -1 -1 -1 -1 -1 1 -1 1 1 1 -1 -1 1 -1 1 1 1 -1 1 1 1 
V
3 1 15 39 
7 -1 -1 -1 -1 -1 1 -1 1 -1 -1 1 1 1 -1 -1 1 -1 1 1 1 1 
V
3 27 49 16 
7 -1 -1 -1 -1 1 -1 -1 1 1 1 -1 -1 1 -1 1 1 1 -1 1 1 1 
V
3 37 49 10 
7 -1 -1 -1 -1 -1 1 -1 1 -1 -1 1 1 1 -1 -1 1 1 -1 1 1 1 
V
3 50 46 3 
7 -1 -1 -1 -1 -1 1 -1 1 -1 1 -1 -1 1 -1 1 1 1 -1 1 1 1 
V
3 41 20 34 
7 -1 -1 -1 -1 -1 1 -1 1 -1 -1 1 1 1 -1 1 1 1 -1 1 1 1 
V
3 1 23 28 
7 -1 -1 -1 -1 -1 1 -1 1 -1 -1 1 1 1 -1 1 1 1 -1 1 1 1 
V
3 12 30 20 
7 -1 -1 -1 -1 -1 1 -1 1 -1 -1 1 1 1 -1 -1 1 -1 1 1 1 -1 
V
3 24 29 37 
7 -1 -1 -1 -1 -1 1 -1 1 -1 -1 1 1 1 -1 -1 1 1 -1 1 1 1 
V
3 12 5 44 
7 -1 -1 -1 -1 1 -1 -1 1 1 1 -1 -1 1 -1 1 1 1 -1 1 1 1 
V
3 6 2 48 
7 -1 -1 -1 -1 -1 1 -1 1 -1 -1 1 1 1 -1 -1 1 -1 1 1 1 1 
V
3 2 49 43 
7 -1 -1 -1 -1 -1 1 -1 1 -1 -1 1 1 1 -1 -1 1 -1 1 1 1 -1 
V
3 1 50 24 
7 -1 -1 -1 -1 -1 1 -1 1 1 1 -1 -1 1 -1 1 1 1 -1 1 1 1 
V
3 7 50 44 
7 -1 -1 -1 -1 -1 1 -1 1 -1 -1 1 1 1 -1 -1 1 -1 1 1 1 -1 
V
3 41 43 4 
7 -1 -1 -1 -1 -1 1 -1 1 -1 -1 1 1 1 -1 1 1 1 -1 1 1 1 
V
3 13 15 11 
7 -1 -1 -1 -1 1 -1 -1 1 1 1 -1 -1 1 -1 1 1 1 -1 1 1 1 
V
3 3 11 23 
7 -1 -1 -1 -1 -1 1 -1 1 -1 -1 1 1 1 -1 -1 1 -1 1 1 1 1 
V
3 33 48 41 
7 -1 -1 1 -1 1 -1 -1 1 1 1 -1 -1 1 -1 1 1 1 -1 1 1 1 
V
3 9 23 49 
7 -1 -1 -1 -1 1 -1 -1 1 1 1 -1 -1 1 -1 1 1 1 -1 1 1 1 
V
3 43 47 1 
7 -1 -1 -1 -1 -1 1 -1 1 -1 -1 1 1 1 -1 1 1 1 -1 1 1 1 
V
3 40 16 29 
7 -1 -1 -1 -1 -1 1 -1 1 -1 -1 1 1 1 -1 -1 1 1 -1 1 1 1 
V
3 30 19 3 
7 -1 -1 1 -1 1 -1 -1 1 1 1 -1 -1 1 -1 1 1 1 -1 1 1 1 
V
3 19 34 48 
7 -1 -1 -1 -1 -1 1 -1 1 1 1 -1 -1 1 -1 1 1 1 -1 1 1 1 
V
3 16 44 14 
7 -1 -1 -1 -1 -1 1 -1 1 -1 -1 1 1 1 -1 -1 1 -1 1 1 1 1 
V
3 38 45 12 
7 -1 -1 -1 -1 -1 1 -1 1 -1 1 -1 -1 1 -1 1 1 1 -1 1 1 1 
V
3 4 14 31 
7 -1 -1 -1 -1 -1 1 -1 1 -1 -1 1 1 1 -1 -1 1 -1 1 1 1 -1 
V
3 48 35 1 
7 -1 -1 -1 -1 -1 1 -1 1 -1 -1 1 1 1 -1 -1 1 1 -1 1 1 1 
V
3 45 13 19 
7 -1 -1 -1 -1 -1 1 -1 1 1 1 -1 -1 1 -1 1 1 1 -1 1 1 1 
V
3 9 42 7 
7 -1 -1 -1 -1 1 -1 -1 1 1 1 -1 -1 1 -1 1 1 1 -1 1 1 1 
V
3 1 15 8 
7 -1 -1 -1 -1 -1 1 -1 1 -1 -1 1 1 1 -1 -1 1 -1 1 1 1 1 
V
3 13 44 14 
7 -1 -1 -1 -1 -1 1 -1 1 -1 -1 1 1 1 -1 -1 1 -1 1 1 1 -1 
V
3 43 37 31 
7 -1 -1 -1 -1 -1 1 -1 1 -1 -1 1 1 1 -1 -1 1 -1 1 1 1 -1 
V
3 27 29 47 
7 -1 -1 -1 -1 -1 1 -1 1 -1 -1 1 1 1 -1 -1 1 -1 1 1 1 1 
V
3 7 4 17 
7 -1 -1 1 -1 1 -1 -1 1 1 1 -1 -1 1 -1 1 1 1 -1 1 1 1 
V
3 7 10 35 
7 -1 -1 1 -1 1 -1 -1 1 1 1 -1 -1 1 -1 1 1 1 -1 1 1 1 
V
3 25 20 17 
7 -1 -1 -1 -1 -1 1 -1 1 -1 -1 1 1 1 -1 1 1 1 -1 1 1 1 
V
3 35 5 42 
7 -1 -1 -1 -1 -1 1 -1 1 -1 1 -1 -1 1 -1 1 1 1 -1 1 1 1 
V
3 50 24 5 
7 -1 -1 -1 -1 -1 1 -1 1 -1 -1 1 1 1 -1 -1 1 1 -1 1 1 1 
V
3 21 26 2 
7 -1 -1 -1 -1 -1 1 -1 1 -1 -1 1 1 1 -1 -1 1 -1 1 1 1 1 
V
3 8 45 21 
7 -1 -1 -1 -1 -1 1 -1 1 -1 -1 1 1 1 -1 -1 1 1 -1 1 1 1 
V
3 16 33 49 
7 -1 -1 -1 -1 -1 1 -1 1 -1 -1 1 1 1 -1 1 1 1 -1 1 1 1 
V
3 38 6 16 
7 -1 -1 -1 -1 -1 1 -1 1 -1 -1 1 1 1 -1 1 1 1 -1 1 1 1 
V
3 5 21 37 
7 -1 -1 1 -1 1 -1 -1 1 1 1 -1 -1 1 -1 1 1 1 -1 1 1 1 
V
3 8 38 31 
7 -1 -1 1 -1 1 -1 -1 1 1 1 -1 -1 1 -1 1 1 1 -1 1 1 1 
V
3 21 33 14 
7 -1 -1 -1 -1 -1 1 -1 1 -1 -1 1 1 1 -1 1 1 1 -1 1 1 1 
V
3 20 40 5 
7 -1 -1 -1 -1 1 -1 -1 1 1 1 -1 -1 1 -1 1 1 1 -1 1 1 1 
V
3 29 9 31 
7 -1 -1 -1 -1 -1 1 -1 1 -1 -1 1 1 1 -1 -1 1 -1 1 1 1 1 
V
3 7 42 22 
7 -1 -1 -1 -1 -1 1 -1 1 -1 -1 1 1 1 -1 -1 1 1 -1 1 1 1 
V
3 48 8 26 
7 -1 -1 -1 -1 -1 1 -1 1 -1 -1 1 1 1 -1 1 1 1 -1 1 1 1 
V
3 48 38 33 
7 -1 -1 -1 -1 -1 1 -1 1 1 1 -1 -1 1 -1 1 1 1 -1 1 1 1 
V
3 34 49 46 
7 -1 -1 -1 -1 -1 1 -1 1 -1 -1 1 1 1 -1 1 1 1 -1 1 1 1 
V
3 14 46 25 
7 -1 -1 -1 -1 -1 1 -1 1 -1 -1 1 1 1 -1 -1 1 -1 1 1 1 1 
V
3 46 4 18 
7 -1 -1 -1 -1 -1 1 -1 1 -1 -1 1 1 1 -1 1 1 1 -1 1 1 1 
V
3 36 12 31 
7 -1 -1 -1 -1 -1 1 -1 1 -1 1 -1 -1 1 -1 1 1 1 -1 1 1 1 
V
3 12 18 14 
7 -1 -1 -1 -1 -1 1 -1 1 1 1 -1 -1 1 -1 1 1 1 -1 1 1 1 
V
3 7 46 16 
7 -1 -1 -1 -1 -1 1 -1 1 -1 -1 1 1 1 -1 -1 1 1 -1 1 1 1 
V
3 9 8 7 
7 -1 -1 -1 -1 -1 1 -1 1 1 1 -1 -1 1 -1 1 1 1 -1 1 1 1 
V
3 49 42 22 
7 -1 -1 -1 -1 -1 1 -1 1 -1 1 -1 -1 1 -1 1 1 1 -1 1 1 1 
V
3 22 15 38 
7 -1 -1 -1 -1 -1 1 -1 1 1 1 -1 -1 1 -1 1 1 1 -1 1 1 1 
V
3 34 41 47 
7 -1 -1 -1 -1 -1 1 -1 1 1 1 -1 -1 1 -1 1 1 1 -1 1 1 1 
V
3 22 26 32 
7 -1 -1 -1 -1 -1 1 -1 1 1 1 -1 -1 1 -1 1 1 1 -1 1 1 1 
V
3 25 45 21 
7 -1 -1 -1 -1 -1 1 -1 1 -1 -1 1 1 1 -1 -1 1 -1 1 1 1 -1 
V
3 26 32 11 
7 -1 -1 -1 -1 -1 1 -1 1 -1 -1 1 1 1 -1 -1 1 1 -1 1 1 1 
V
3 15 26 25 
7 -1 -1 -1 -1 1 -1 -1 1 1 1 -1 -1 1 -1 1 1 1 -1 1 1 1 
V
3 1 46 25 
7 -1 -1 -1 -1 -1 1 -1 1 -1 -1 1 1 1 -1 1 1 1 -1 1 1 1 
V
3 14 31 30 
7 -1 -1 -1 -1 -1 1 -1 1 -1 -1 1 1 1 -1 -1 1 -1 1 1 1 1 
V
3 9 22 12 
7 -1 -1 -1 -1 -1 1 -1 1 -1 -1 1 1 1 -1 -1 1 -1 1 1 1 1 
V
3 18 26 35 
7 -1 -1 -1 -1 -1 1 -1 1 -1 -1 1 1 1 -1 -1 1 1 -1 1 1 1 
V
3 16 32 21 
7 -1 -1 -1 -1 -1 1 -1 1 -1 -1 1 1 1 -1 -1 1 -1 1 1 1 -1 
V
3 31 49 21 
7 -1 -1 -1 -1 -1 1 -1 1 -1 1 -1 -1 1 -1 1 1 1 -1 1 1 1 
V
3 11 9 41 
7 -1 -1 1 -1 1 -1 -1 1 1 1 -1 -1 1 -1 1 1 1 -1 1 1 1 
V
3 13 30 19 
7 -1 -1 -1 -1 -1 1 -1 1 -1 -1 1 1 1 -1 -1 1 -1 1 1 1 1 
V
3 10 4 6 
7 -1 -1 -1 -1 -1 1 -1 1 -1 -1 1 1 1 -1 1 1 1 -1 1 1 1 
V
3 4 3 22 
7 -1 -1 -1 -1 -1 1 -1 1 -1 -1 1 1 1 -1 -1 1 1 -1 1 1 1 
V
3 25 50 18 
7 -1 -1 -1 -1 -1 1 -1 1 -1 -1 1 1 1 -1 -1 1 -1 1 1 1 -1 
V
3 40 4 9 
7 -1 -1 -1 -1 -1 1 -1 1 -1 -1 1 1 1 -1 1 1 1 -1 1 1 1 
V
3 37 20 46 
7 -1 -1 1 -1 1 -1 -1 1 1 1 -1 -1 1 -1 1 1 1 -1 1 1 1 
V
3 27 22 29 
7 -1 -1 -1 -1 -1 1 -1 1 -1 -1 1 1 1 -1 -1 1 1 -1 1 1 1 
V
3 34 14 3 
7 -1 -1 1 -1 1 -1 -1 1 1 1 -1 -1 1 -1 1 1 1 -1 1 1 1 
V
3 3 31 20 
7 -1 -1 -1 -1 -1 1 -1 1 1 1 -1 -1 1 -1 1 1 1 -1 1 1 1 
V
3 50 2 26 
7 -1 -1 -1 -1 -1 1 -1 1 -1 -1 1 1 1 -1 -1 1 1 -1 1 1 1 
V
3 17 29 38 
7 -1 -1 -1 -1 -1 1 -1 1 1 1 -1 -1 1 -1 1 1 1 -1 1 1 1 
V
3 49 12 41 
7 -1 -1 -1 -1 -1 1 -1 1 -1 -1 1 1 1 -1 -1 1 1 -1 1 1 1 
V
3 15 35 43 
7 -1 -1 -1 -1 -1 1 -1 1 -1 1 -1 -1 1 -1 1 1 1 -1 1 1 1 
V
3 22 23 49 
7 -1 -1 -1 -1 -1 1 -1 1 -1 -1 1 1 1 -1 -1 1 -1 1 1 1 -1 
V
3 9 33 48 
7 -1 -1 -1 -1 -1 1 -1 1 -1 -1 1 1 1 -1 1 1 1 -1 1 1 1 
V
3 26 29 35 
7 -1 -1 1 -1 1 -1 -1 1 1 1 -1 -1 1 -1 1 1 1 -1 1 1 1 
V
3 27 50 37 
7 -1 -1 -1 -1 -1 1 -1 1 1 1 -1 -1 1 -1 1 1 1 -1 1 1 1 
V
3 7 46 43 
7 -1 -1 -1 -1 -1 1 -1 1 -1 -1 1 1 1 -1 -1 1 1 -1 1 1 1 
V
3 46 37 8 
7 -1 -1 -1 -1 -1 1 -1 1 -1 -1 1 1 1 -1 -1 1 -1 1 1 1 -1 
V
3 40 36 24 
7 -1 -1 -1 -1 -1 1 -1 1 -1 -1 1 1 1 -1 -1 1 1 -1 1 1 1 
V
3 44 46 15 
7 -1 -1 -1 -1 -1 1 -1 1 -1 -1 1 1 1 -1 1 1 1 -1 1 1 1 
V
3 3 36 16 
7 -1 -1 -1 -1 -1 1 -1 1 -1 -1 1 1 1 -1 -1 1 1 -1 1 1 1 
V
3 48 9 43 
7 -1 -1 -1 -1 -1 1 -1 1 -1 -1 1 1 1 -1 1 1 1 -1 1 1 1 
V
3 25 4 44 
7 -1 -1 -1 -1 -1 1 -1 1 -1 -1 1 1 1 -1 -1 1 -1 1 1 1 1 
V
3 22 37 7 
7 -1 -1 -1 -1 -1 1 -1 1 -1 -1 1 1 1 -1 -1 1 1 -1 1 1 1 
V
3 31 17 22 
7 -1 -1 -1 -1 -1 1 -1 1 -1 -1 1 1 1 -1 -1 1 -1 1 1 1 -1 
V
3 11 48 17 
7 -1 -1 -1 -1 -1 1 -1 1 -1 -1 1 1 1 -1 -1 1 -1 1 1 1 1 
V
3 23 34 28 
7 -1 -1 -1 -1 1 -1 -1 1 1 1 -1 -1 1 -1 1 1 1 -1 1 1 1 
V
3 23 48 39 
7 -1 -1 -1 -1 -1 1 -1 1 -1 1 -1 -1 1 -1 1 1 1 -1 1 1 1 
V
3 37 1 23 
7 -1 -1 -1 -1 -1 1 -1 1 -1 -1 1 1 1 -1 -1 1 -1 1 1 1 -1 
V
3 19 27 14 
7 -1 -1 -1 -1 -1 1 -1 1 -1 -1 1 1 1 -1 1 1 1 -1 1 1 1 
V
3 22 33 6 
7 -1 -1 -1 -1 -1 1 -1 1 -1 -1 1 1 1 -1 -1 1 1 -1 1 1 1 
V
3 6 32 26 
7 -1 -1 -1 -1 -1 1 -1 1 -1 -1 1 1 1 -1 -1 1 -1 1 1 1 -1 
V
3 18 20 46 
7 -1 -1 -1 -1 -1 1 -1 1 -1 1 -1 -1 1 -1 1 1 1 -1 1 1 1 
V
3 43 22 27 
7 -1 -1 1 -1 1 -1 -1 1 1 1 -1 -1 1 -1 1 1 1 -1 1 1 1 
V
3 13 34 49 
7 -1 -1 -1 -1 -1 1 -1 1 -1 -1 1 1 1 -1 1 1 1 -1 1 1 1 
V
3 35 46 3 
7 -1 -1 -1 -1 -1 1 -1 1 -1 -1 1 1 1 -1 -1 1 -1 1 1 1 1 
V
3 32 39 43 
7 -1 -1 -1 -1 1 -1 -1 1 1 1 -1 -1 1 -1 1 1 1 -1 1 1 1 
V
3 6 39 9 
7 -1 -1 -1 -1 -1 1 -1 1 -1 1 -1 -1 1 -1 1 1 1 -1 1 1 1 
V
3 27 39 16 
7 -1 -1 -1 -1 1 -1 -1 1 1 1 -1 -1 1 -1 1 1 1 -1 1 1 1 
V
3 25 17 15 
7 -1 -1 -1 -1 -1 1 -1 1 -1 1 -1 -1 1 -1 1 1 1 -1 1 1 1 
V
3 43 27 34 
7 -1 -1 -1 -1 -1 1 -1 1 -1 -1 1 1 1 -1 1 1 1 -1 1 1 1 
V
3 6 49 5 
7 -1 -1 -1 -1 -1 1 -1 1 -1 -1 1 1 1 -1 1 1 1 -1 1 1 1 
V
3 38 11 14 
7 -1 -1 -1 -1 -1 1 -1 1 -1 -1 1 1 1 -1 1 1 1 -1 1 1 1 
V
3 40 38 47 
7 -1 -1 -1 -1 -1 1 -1 1 1 1 -1 -1 1 -1 1 1 1 -1 1 1 1 
V
3 37 14 17 
7 -1 -1 -1 -1 -1 1 -1 1 1 1 -1 -1 1 -1 1 1 1 -1 1 1 1 
V
3 39 29 36 
7 -1 -1 1 -1 1 -1 -1 1 1 1 -1 -1 1 -1 1 1 1 -1 1 1 1 
V
3 39 28 1 
7 -1 -1 -1 -1 -1 1 -1 1 -1 -1 1 1 1 -1 -1 1 -1 1 1 1 1 
V
3 18 14 16 
7 -1 -1 -1 -1 -1 1 -1 1 -1 -1 1 1 1 -1 -1 1 1 -1 1 1 1 
V
3 40 50 15 
7 -1 -1 -1 -1 -1 1 -1 1 -1 -1 1 1 1 -1 1 1 1 -1 1 1 1 
V
3 37 42 18 
7 -1 -1 -1 -1 -1 1 -1 1 1 1 -1 -1 1 -1 1 1 1 -1 1 1 1 
V
3 13 31 33 
7 -1 -1 -1 -1 -1 1 -1 1 -1 -1 1 1 1 -1 1 1 1 -1 1 1 1 
V
3 2 42 33 
7 -1 -1 -1 -1 -1 1 -1 1 1 1 -1 -1 1 -1 1 1 1 -1 1 1 1 
V
3 8 3 22 
7 -1 -1 -1 -1 -1 1 -1 1 -1 1 -1 -1 1 -1 1 1 1 -1 1 1 1 
V
3 1 23 31 
7 -1 -1 -1 -1 1 -1 -1 1 1 1 -1 -1 1 -1 1 1 1 -1 1 1 1 
V
3 20 45 26 
7 -1 -1 -1 -1 -1 1 -1 1 -1 -1 1 1 1 -1 -1 1 -1 1 1 1 1 
V
3 42 11 49 
7 -1 -1 1 -1 1 -1 -1 1 1 1 -1 -1 1 -1 1 1 1 -1 1 1 1 
V
3 29 11 43 
7 -1 -1 -1 -1 1 -1 -1 1 1 1 -1 -1 1 -1 1 1 1 -1 1 1 1 
V
3 20 21 30 
7 -1 -1 -1 -1 -1 1 -1 1 -1 -1 1 1 1 -1 -1 1 -1 1 1 1 1 
V
3 23 45 35 
7 -1 -1 -1 -1 1 -1 -1 1 1 1 -1 -1 1 -1 1 1 1 -1 1 1 1 
V
3 38 30 14 
7 -1 -1 -1 -1 -1 1 -1 1 -1 1 -1 -1 1 -1 1 1 1 -1 1 1 1 
V
3 9 48 29 
7 -1 -1 -1 -1 -1 1 -1 1 -1 -1 1 1 1 -1 -1 1 1 -1 1 1 1 
V
3 11 18 23 
7 -1 -1 -1 -1 -1 1 -1 1 -1 1 -1 -1 1 -1 1 1 1 -1 1 1 1 
V
3 41 1 29 
7 -1 -1 -1 -1 -1 1 -1 1 -1 -1 1 1 1 -1 -1 1 -1 1 1 1 -1 
V
3 5 41 26 
7 -1 -1 1 -1 1 -1 -1 1 1 1 -1 -1 1 -1 1 1 1 -1 1 1 1 
V
3 44 30 7 
7 -1 -1 -1 -1 -1 1 -1 1 -1 1 -1 -1 1 -1 1 1 1 -1 1 1 1 
V
3 38 6 41 
7 -1 -1 -1 -1 -1 1 -1 1 -1 1 -1 -1 1 -1 1 1 1 -1 1 1 1 
V
3 46 48 15 
7 -1 -1 -1 -1 1 -1 -1 1 1 1 -1 -1 1 -1 1 1 1 -1 1 1 1 
V
3 18 10 47 
7 -1 -1 -1 -1 -1 1 -1 1 -1 -1 1 1 1 -1 -1 1 -1 1 1 1 -1 
V
3 38 46 32 
7 -1 -1 -1 -1 1 -1 -1 1 1 1 -1 -1 1 -1 1 1 1 -1 1 1 1 
V
3 32 46 12 
7 -1 -1 -1 -1 -1 1 -1 1 -1 -1 1 1 1 -1 1 1 1 -1 1 1 1 
V
3 31 40 14 
7 -1 -1 1 -1 1 -1 -1 1 1 1 -1 -1 1 -1 1 1 1 -1 1 1 1 
V
3 18 2 49 
7 -1 -1 -1 -1 -1 1 -1 1 -1 -1 1 1 1 -1 1 1 1 -1 1 1 1 
V
3 28 38 27 
7 -1 -1 -1 -1 -1 1 -1 1 1 1 -1 -1 1 -1 1 1 1 -1 1 1 1 
V
3 16 21 14 
7 -1 -1 -1 -1 -1 1 -1 1 -1 -1 1 1 1 -1 -1 1 -1 1 1 1 1 
V
3 29 15 12 
7 -1 -1 -1 -1 -1 1 -1 1 -1 -1 1 1 1 -1 1 1 1 -1 1 1 1 
V
3 49 34 5 
7 -1 -1 1 -1 1 -1 -1 1 1 1 -1 -1 1 -1 1 1 1 -1 1 1 1 
V
3 14 22 12 
7 -1 -1 -1 -1 1 -1 -1 1 1 1 -1 -1 1 -1 1 1 1 -1 1 1 1 
V
3 30 33 20 
7 -1 -1 1 -1 1 -1 -1 1 1 1 -1 -1 1 -1 1 1 1 -1 1 1 1 
V
3 24 22 25 
7 -1 -1 -1 -1 -1 1 -1 1 -1 -1 1 1 1 -1 1 1 1 -1 1 1 1 
V
3 4 48 23 
7 -1 -1 -1 -1 -1 1 -1 1 -1 1 -1 -1 1 -1 1 1 1 -1 1 1 1 
V
3 30 36 9 
7 -1 -1 -1 -1 -1 1 -1 1 -1 -1 1 1 1 -1 -1 1 -1 1 1 1 1 
V
3 44 12 35 
7 -1 -1 -1 -1 1 -1 -1 1 1 1 -1 -1 1 -1 1 1 1 -1 1 1 1 
V
3 38 3 21 
7 -1 -1 -1 -1 1 -1 -1 1 1 1 -1 -1 1 -1 1 1 1 -1 1 1 1 
V
3 11 33 49 
7 -1 -1 -1 -1 -1 1 -1 1 -1 -1 1 1 1 -1 1 1 1 -1 1 1 1 
